attack_007.png          35 484 2.0546218487395
attack_009.png          20 481 2.02941176470588
attack_011.png          20 478 2.02521008403361
attack_015.png          20 479 2.02521008403361
attack_023.png          20 478 2.01260504201681
attack_025.png          20 478 2.02521008403361
attackair_001.png       64 281 1.22689075630252
attackair_003.png       59 248 1.07983193277311
attackair_005.png       59 223 1.00840336134454
attackair_007.png      260 283 1.02941176470588
attackair_009.png      260 283 1.02941176470588
attackair_011.png      260 283 1.02941176470588
attackairback_001.png   74 240 1.05882352941176
attackairback_003.png   78 240 1.05882352941176
attackairback_005.png   80 267 1.16806722689076
attackairback_007.png   85 285 1.23109243697479
attackairback_009.png  264 279 1.19747899159664
attackairback_011.png  264 279 1.19747899159664
attackairback_013.png  264 279 1.19747899159664
attackairback_015.png  264 279 1.19747899159664
attackairback_017.png  264 279 1.42016806722689
attackairdown_001.png  345 267 1.90756302521008
attackairdown_003.png  139 179 1.02941176470588
attackairdown_005.png  155 167 0.978991596638655
attackairdown_007.png  152 143 0.668067226890756
attackairdown_009.png  124 166 0.882352941176471
attackairdown_011.png  107 186 0.96218487394958
attackairdown_013.png  107 186 0.96218487394958
attackairdown_015.png  107 186 0.96218487394958
attackairdown_017.png  107 186 0.96218487394958
attackairfront_001.png 104 271 1.18067226890756
attackairfront_003.png  93 276 1.21428571428571
attackairfront_005.png  79 265 1.15126050420168
attackairfront_007.png  95 303 1.36974789915966
attackairfront_009.png 110 241 1.04621848739496
attackairfront_011.png 111 263 1.15546218487395
attackairfront_013.png 111 263 1.15546218487395
attackairfront_015.png 111 263 1.15546218487395
attackairfront_017.png 111 263 1.15546218487395
attackairup_001.png    142 239 1.0546218487395
attackairup_003.png    158 276 1.36554621848739
attackairup_007.png    127 216 1.26050420168067
attackairup_009.png    110 193 0.953781512605042
attackdown_003.png     101 488 2.05882352941176
attackdown_005.png     149 484 2.04201680672269
attackdown_007.png     146 489 2.06302521008403
attackdown_013.png     153 331 1.39495798319328
attackdown_015.png      75 241 1.03781512605042
attackdown_017.png      75 241 1.03781512605042
attackdown_019.png      75 241 1.03781512605042
attackdown_021.png      75 241 1.03781512605042
attackside_003.png      40 483 2.03781512605042
attackside_009.png      25 441 1.86134453781513
attackside_011.png      25 380 1.60504201680672
attackside_015.png      25 380 1.61344537815126
attackup_001.png        45 476 2.01680672268908
attackup_003.png        51 477 2.01680672268908
attackup_005.png       109 510 2.15546218487395
catch.png              125 191 0.80672268907563
dashdodge.png           74 225 0.949579831932773
down_001.png           269 386 1.91176470588235
down_003.png           315 386 1.70168067226891
down_005.png           190 386 1.69747899159664
fastdown_001.png       269 386 1.91176470588235
fastdown_003.png       315 386 1.70168067226891
fastdown_005.png       190 386 1.69747899159664
fastdown.png           119 264 1.11344537815126
jump_001.png            94 345 1.45378151260504
jumpair_001.png        139 168 0.710084033613445
jumpair_003.png         66 256 1.07983193277311
jumpair_005.png        140 116 0.491596638655462
land_001.png           164 229 0.966386554621849
land_007.png           176 311 1.3109243697479
land_011.png           127 494 2.07983193277311
land_015.png            71 507 2.13445378151261
lost.png                97 213 0.899159663865546
run_001.png            162 480 2.02100840336134
run_003.png            202 399 1.68067226890756
run_005.png             93 428 1.80252100840336
run_007.png            126 467 1.96638655462185
run_009.png            162 485 2.04201680672269
run_011.png            202 389 1.63865546218487
run_013.png            100 418 1.76050420168067
run_015.png            123 462 1.9453781512605
smashdown_004.png       87 237 1.03361344537815
smashdown_008.png      153 259 1.11764705882353
smashdown_010.png      185 308 1.31932773109244
smashdown_012.png      170 266 1.15126050420168
smashdown_014.png       79 296 1.27731092436975
smashdown_016.png       50 367 1.64705882352941
smashdown_018.png       45 241 1.0546218487395
smashdown_020.png      157 266 1.12605042016807
smashdown_022.png       54 339 1.44117647058824
smashside_002.png      145 364 1.55042016806723
smashside_012.png      102 339 1.43697478991597
smashup_003.png        109 485 2.04201680672269
smashup_005.png         69 482 2.03781512605042
smashup_007.png         58 487 2.05882352941176
smashup_009.png         59 323 1.3781512605042
smashup_011.png         46 352 1.49159663865546
smashup_013.png         48 317 1.34873949579832
smashup_021.png         48 405 1.71428571428571
smashup_023.png         88 446 1.88655462184874
smashup_027.png         46 407 1.71428571428571
spell_005.png          214 578 2.46218487394958
spell_007.png          232 509 2.17226890756303
spell_009.png          318 457 1.99579831932773
spell_011.png          318 457 1.99579831932773
spell_013.png          318 457 1.99579831932773
spell_015.png          318 457 1.99579831932773
spell_017.png          318 457 1.99579831932773
spell_019.png          271 457 1.96638655462185
spell_021.png          271 457 1.96638655462185
spell_023.png          271 489 2.10084033613445
spell_024.png          271 539 2.31512605042017
spell_025.png          271 464 1.99579831932773
spell_026.png          271 457 1.96638655462185
spell_027.png          271 457 1.96638655462185
spell_028.png          271 457 1.96638655462185
spelldown_001.png       93 593 2.5
spelldown_003.png      105 570 2.42436974789916
spelldown_007.png       73 385 1.64705882352941
spelldown_009.png       73 363 1.60084033613445
spelldown_011.png       73 363 1.53781512605042
spelldown_013.png       73 363 1.53781512605042
spelldown_017.png      114 514 2.1890756302521
spelldown_018.png      168 515 2.1890756302521
spelldown_019.png      281 516 2.1890756302521
spelldown_020.png      357 514 2.1890756302521
spelldown_021.png      357 514 2.1890756302521
spelldown_022.png      357 514 2.1890756302521
spelldown_023.png      396 515 2.1890756302521
spelldown_025.png      408 515 2.1890756302521
spelldown_027.png      404 515 2.1890756302521
spellside_001.png      162 480 2.02100840336134
spellside_003.png      202 399 1.68067226890756
spellside_005.png       93 428 1.80252100840336
spellside_007.png      126 467 1.96638655462185
spellside_009.png      180 485 2.04201680672269
spellside_011.png      202 389 1.63865546218487
spellside_013.png      100 418 1.76050420168067
spellup_001.png         71 551 2.38655462184874
spellup_003.png         90 490 2.13865546218487
spellup_005.png         98 361 1.58823529411765
spellup_015.png        189 553 2.39495798319328
spellup_019.png        189 553 2.39495798319328
spellup_021.png        189 553 2.39495798319328
spellup_031.png        117 572 2.49159663865546
spellup_033.png         80 570 2.51680672268908
stand_002.png          136 485 2.04201680672269
stand_004.png           39 481 2.02521008403361
stand_006.png           61 481 2.02521008403361
stand_008.png           61 483 2.03361344537815
stand_010.png           67 480 2.02100840336134
stand_026.png          107 475 2
staticdodge.png         97 217 0.915966386554622
stop_001.png            97 480 2.02100840336134
stop_003.png           111 482 2.02941176470588
stop_005.png           147 484 2.03781512605042
stop_007.png           173 473 1.99159663865546
stunned.png            100 281 1.18487394957983
up_001.png              94 345 1.45378151260504
won1.png                76 257 1.08403361344538
won2.png                70 357 1.50420168067227
